total_n: 35308
non_responder_n: 18141
non_responder_pct: 51.3792908122805
responder_n: 17167
responder_pct: 48.6207091877195
mean_rr_mean: 897.7877630864632
mean_rr_sd: 98.7577598688482
sdnn_mean: 100.58192232459756
sdnn_sd: 29.863254612797483
rmssd_mean: 49.6869520168533
rmssd_sd: 19.82137446552119
pnn50_mean: 27.305393997523385
pnn50_sd: 13.106051528960377
mean_hr_mean: 84.91954602477081
mean_hr_sd: 14.95841993463413
lf_power_mean: 202.64117904281886
lf_power_sd: 203.3148384969038
hf_power_mean: 150.99202115004536
hf_power_sd: 150.86781358502245
lf_hf_ratio_mean: 1.6642408260459982
lf_hf_ratio_sd: 2.277824254463189
systolic_mean_mean: 130.1956936808448
systolic_mean_sd: 20.12517720650108
systolic_sd_mean: 14.978531490654632
systolic_sd_sd: 5.041112414993516
diastolic_mean_mean: 75.24676906214047
diastolic_mean_sd: 11.940643718134561
diastolic_sd_mean: 9.949239489929225
diastolic_sd_sd: 2.9918240775904805
pulse_pressure_mean_mean: 55.200734604162164
pulse_pressure_mean_sd: 15.026820600963408
map_mean: 92.99110521282508
map_sd: 12.014759506625836
perfusion_index_mean: 2.7961908737105188
perfusion_index_sd: 1.2960798498433836
qrs_width_mean: 89.83698295845312
qrs_width_sd: 15.060622649747346
dpdt_mean_mean: 797.6419908566876
dpdt_mean_sd: 202.45753084485102
